nuclear distance
1.8,	2.85044,	

nuclear potential energy
7.50374,

potential energy matrix
-8.36583,	-0.143254,	-0.183311,	0,	1.07174,	0.928566,	
-0.143254,	-7.24968,	0.0356165,	0,	0.899093,	-0.341199,	
-0.183311,	0.0356165,	-7.2303,	0,	0.00982184,	0.87914,	
0,	0,	0,	-7.09179,	0,	0,	
1.07174,	0.899093,	0.00982184,	0,	-5.17327,	-0.0213473,	
0.928566,	-0.341199,	0.87914,	0,	-0.0213473,	-5.15713,	

kinetic energy matrix
0.808128,	0,	0,	0,	-0.339912,	-0.294615,	
0,	1.80707,	0,	0,	-0.653684,	0.255078,	
0,	0,	1.80707,	0,	0,	-0.638094,	
0,	0,	0,	1.80707,	0,	0,	
-0.339912,	-0.653684,	0,	0,	1.58085,	-0.130072,	
-0.294615,	0.255078,	-0.638094,	0,	-0.130072,	1.61072,	

*******************************************************************
